77
240
328
344
363
368
373
422
427
503
584
622
691
734
760
813
856
870
897
906
953
955
971
1014
1103
1173
1179
1197
1270
1285
1289
1359
1456
1596
1606
1627
1707
1814
1844
1893
1897
1956
2006
2027
2068
2075
2083
2094
2120
2147
2187
2235
2252
2256
2278
2289
2290
2299
2362
2421
2427
2443
2467
2522
2532
2563
2612
2694
2709
2740
2751
2846
2919
2922
2947
2996
3038
3055
3111
3123
3136
3152
3182
3237
3284
3285
3379
3380
3424
3434
3450
3451
3456
3477
3485
3500
3524
3533
3538
3564
3628
3671
3682
3692
3702
3850
3889
3939
3942
3953
3969
4111
4124
4152
4153
4222
4265
4280
4323
4347
4380
4388
4400
4589
4620
4651
4666
4709
4755
4789
4890
4912
4933
4950
4953
4970
5009
5046
5078
5207
5221
5245
5270
5284
5326
5334
5465
5466
5472
5594
5679
5686
5725
5749
5780
5817
5845
5883
5885
5908
5940
5987
6016
6040
6111
6174
6191
6217
6277
6329
6395
6405
6621
6650
6680
6689
6735
6782
6805
6821
6839
6862
6864
6952
6999
7126
7175
7180
7233
7262
7334
7451
7459
7499
7504
7574
7575
7579
7619
7662
7670
7765
7813
7814
7909
7937
7943
7967
7975
8035
8076
8109
8161
8224
8278
8297
8299
8318
8360
8482
8497
8536
8556
8574
8586
8605
8629
8699
8711
8743
8749
8785
8837
8890
9004
9078
9079
9087
9107
9150
9156
9158
9168
9276
9344
9379
9419
9425
9440
9446
9455
9513
9519
9596
9617
9653
9672
9707
9720
9721
9732
9746
9782
9800
9801
9847
9860
9862
9927
9937
9978
9985
9992
10012
10044
43876
10084
10093
10125
10130
10172
10207
10234
10242
10253
10301
10302
10315
10322
10327
10329
10344
10357
10359
10363
10365
10386
10522
10590
10654
10684
10686
10687
10761
10793
10812
10860
10909
10988
11005
11013
11020
11094
11095
11098
11141
11157
11177
11194
11239
11279
11322
11337
11345
11357
11362
11365
11366
57450
11384
11395
11429
11459
11573
11578
89259
11711
11712
11720
11732
11745
11823
11884
11890
11893
11904
11933
11940
11994
12011
12020
12023
12029
12030
12036
12078
12121
12250
12284
12297
12298
12314
12337
12340
12341
12349
12393
12396
12427
12519
12533
12600
12621
12636
12643
12684
12694
12715
12720
12726
12752
12776
12802
12844
12874
12918
12919
12926
12929
12930
12962
13007
13048
13061
13078
13121
13164
13182
13219
13234
13235
13237
13239
13242
13261
13279
13302
13303
13328
13340
13360
13363
13374
13391
13450
13464
13470
13496
13518
13539
13560
13585
13596
13619
13635
13719
13772
13777
13805
13844
13860
13866
13881
13924
13942
13981
13995
14003
14014
14027
14028
14058
14075
14083
14155
14212
14241
14244
14273
14274
14293
14298
14334
14346
14354
14366
14373
14405
14412
14427
14439
14459
14462
14464
14494
14503
14519
14558
14564
14591
14593
14606
14702
14744
14751
14766
14798
14805
14816
14823
14864
14906
14938
14971
15054
15150
15152
15184
39855
15258
15261
15294
15295
15300
15303
15317
15350
15379
15399
15426
15439
15458
15519
15524
15554
15578
15595
15603
15622
15658
15730
15755
15779
15791
15802
15830
15880
15888
15889
15953
15987
16017
16018
16023
16064
16074
16084
16091
16093
16099
16127
16157
16199
16227
16236
16250
16304
16316
16319
16329
16331
16334
16470
16482
16504
16506
16516
16598
16621
16622
16636
16718
16759
16761
16801
16813
16818
16933
17011
17021
17025
17032
17034
17079
17136
17161
17166
17180
17189
17204
17233
17261
17271
17290
17302
17313
17329
17342
17373
17379
17388
17408
17421
17423
17476
17531
17553
81864
17607
17638
17643
17652
17663
17669
17692
17709
17756
17770
17781
17788
17859
17873
17879
17927
17941
17946
17947
17948
17963
73159
17985
17993
18014
18080
18091
18093
18104
18115
18118
18128
18158
18163
89236
18179
18180
18181
18187
18195
18202
18255
18277
85445
18286
18330
18336
18343
18357
18381
18416
18466
18499
18503
18545
18550
18556
87708
18582
18590
18604
89251
18627
18628
18671
18681
18700
18709
88641
18747
18763
18765
18777
18804
18826
18859
18870
18871
18899
18910
18913
18927
18934
18935
18947
19004
19010
19024
19028
19037
19067
79148
19089
19150
19154
19161
19185
19188
19189
19196
19241
19277
19287
19293
19339
19345
19365
19385
19386
19400
19403
19411
19414
19427
19433
19451
19457
19466
19480
19526
19542
19551
19576
19581
19588
19593
19639
19644
19660
19687
19705
19738
19752
19753
19755
19767
19782
86811
19821
19830
19849
19861
19870
19927
19934
19947
19950
19953
19954
19994
20004
67770
60279
87020
20068
20090
20106
89329
20123
20131
20139
79338
20169
66778
20293
20360
20363
20364
20366
20372
20373
20375
20404
20420
20437
20451
20465
20468
20515
20565
20580
20605
66374
20610
61573
20640
20649
20668
20691
20727
20844
20846
20903
20905
20929
20934
20963
20974
20983
21026
21027
21030
21034
21035
21038
21043
21061
21070
21081
21102
21137
21141
21158
21160
21164
21173
21179
21189
21215
21228
21231
21254
70297
21267
21319
21334
21345
21348
21357
21359
21365
21379
21395
21396
21408
21412
21433
21439
21447
21448
21466
21477
84134
21508
21535
21571
21594
21595
21600
21609
21613
21625
21629
21649
21653
21681
21692
85810
21733
21741
21766
21800
21802
21811
21813
21825
21836
21842
21849
21853
21863
21883
21898
21919
21973
21978
21988
21992
22018
22021
22040
22044
22068
22076
22080
22136
78835
22157
64475
22172
22175
22185
22194
22202
22216
22221
22242
22256
22257
22266
71190
22280
22300
22310
22318
22321
22340
22374
22383
88632
22416
22427
22429
22430
22436
22440
22443
22461
22536
22597
22604
22625
22642
87218
22660
22679
22724
22730
22733
22738
22749
22757
22767
22790
22796
22803
22804
22820
22825
22829
22844
22848
22872
22884
53492
22891
22899
22918
22937
22952
22964
34921
22974
22979
71158
23004
23005
23014
23017
23019
88414
64585
86278
45064
37486
87872
78597
23077
23082
23090
23094
23095
87369
23111
23121
23135
23139
68976
23193
23211
23220
23226
23231
23244
23246
23249
23266
23267
78052
31946
45242
23308
23318
23331
84619
23338
23359
23377
23420
23427
23430
23432
23443
23444
23445
23447
23468
23472
23477
23480
23491
23493
23494
34744
23512
23517
23533
23539
23546
23560
23580
23594
23611
23626
23631
23633
23640
23673
23686
23695
23717
23720
23721
23746
23751
23762
23792
87833
23808
23813
23822
23825
39081
23877
23903
37599
23909
23918
23962
23985
23989
23992
23995
23997
24001
26623
24028
24036
24040
24048
24049
24062
24076
24086
24114
24126
24129
24173
24190
24212
24219
24237
24247
24287
24298
24308
24324
24326
24331
24352
24356
24373
24386
24395
24411
24415
24450
36488
24458
24463
24470
24475
24501
24521
26824
88893
24567
77850
24596
24600
24608
24615
25744
80934
24644
24646
24660
24685
24705
24720
24730
24742
24767
24769
24772
24773
24812
24818
24830
24833
24865
24873
24888
24908
24927
85800
24933
24941
24950
84833
24976
24982
25028
25031
25033
87044
25058
25070
25072
87971
25091
25100
25113
35213
25130
25152
25160
25168
25210
25222
25241
86954
25273
25274
25283
41893
82066
25341
25369
25405
25422
25444
25452
25463
25477
65217
25507
25511
25534
25564
38689
25590
25596
25602
25603
25620
25622
53107
39353
25663
25739
25685
25701
25703
25723
25728
25730
25733
25734
25745
25748
25753
25812
25823
25831
25840
25857
83751
73989
25919
25924
88190
25956
25965
25971
55091
25981
25990
26018
26033
88359
26040
26052
26059
26065
26092
78570
26103
26105
26139
26182
26195
26207
26213
26225
26230
26238
85998
26282
26299
26305
26330
26334
26337
82583
26356
26368
26379
26384
26391
26438
26482
26512
87266
26535
26546
26549
78045
26560
26563
26575
26592
88802
63765
26626
26630
26636
26643
26666
26679
41631
26689
26708
26710
26711
26721
26757
26759
26760
26763
26775
26786
26807
26808
80881
26832
26837
26840
26854
26884
26888
26925
26942
26954
26964
26978
26984
26999
27007
81962
27009
27010
27014
27020
27026
86183
27074
27078
27089
27123
27125
27142
27145
27155
27157
27161
27172
76993
27205
65992
27248
27263
27277
27287
83594
27341
27343
27362
27398
27404
27408
27409
27443
27449
88287
27461
27462
27485
27503
27510
27532
27535
72992
59022
27571
27572
27579
27587
60536
27615
27631
27636
27654
27682
56477
27712
27715
27731
27735
27739
27769
27791
27802
50818
27822
27838
27839
27843
27849
27850
27880
27890
27895
27957
27959
27963
27964
27965
27969
27972
41982
27987
28003
86488
28026
28058
28068
28074
80160
28121
28134
28145
28182
69158
89386
28212
28237
28264
28269
42231
28288
28301
28339
28362
28366
56256
28392
28462
28464
28475
28482
28486
28491
28493
28512
28522
28533
28537
28550
28554
28573
28581
28593
28602
28606
28614
49130
69089
28623
28624
28629
28658
28664
28682
28692
28696
79407
28724
28729
28761
79557
28777
28781
28788
28803
28813
28824
28828
28832
29329
28863
28868
28883
28884
28901
28938
28959
28974
29017
54720
29033
29035
29036
29054
29057
29061
29088
29100
80058
29107
29115
29122
29193
32234
29219
29228
29230
29268
29270
29282
29291
29299
29323
29344
34543
29372
29406
29425
29427
29429
29432
29437
29445
29456
29459
29475
64558
29519
29524
29530
29532
29549
29564
29568
29584
29592
29602
29610
29613
76171
29640
29644
29663
29666
29690
29694
29696
29719
29724
29726
29752
49327
61990
29771
29789
29799
29806
29809
29828
69963
29867
29868
29895
85504
29931
29935
29940
29965
29971
29975
29990
30013
30030
30051
52565
44157
30151
30190
30195
64421
30212
30213
30214
30223
30235
30242
30255
30261
30262
33923
30271
86437
30295
30301
30315
30327
30332
30341
83201
30363
30366
30367
30369
30372
30375
30376
30398
30399
30400
63352
30406
30407
30413
30459
30465
30482
30483
30484
30487
30489
30491
30500
30517
30520
30530
30566
30584
88037
68624
30629
76245
30658
83872
30661
47622
30685
30718
30720
30727
30733
63977
30747
30750
30756
30762
30763
87247
30780
30791
30796
30802
30833
30856
30859
30874
30885
30898
30916
30927
68862
30935
30946
30958
30965
30979
30985
30995
30998
31007
31008
31013
31019
31024
41892
40743
31034
31049
31060
31064
82949
31075
86084
31085
31093
31100
31111
86728
31114
31116
31130
31140
31150
31151
31167
31178
31182
31198
31202
31210
31222
31234
31248
31269
31270
31276
31277
31283
31288
31325
73567
66663
31355
84513
31359
31370
31383
31386
31391
31394
31400
31411
31413
31416
31420
31422
31423
69956
31447
31449
31456
31467
66488
31480
31486
31517
31521
31545
31548
80007
31571
31576
85280
31585
31597
31598
31614
31615
31618
31626
31904
88388
44826
31677
31694
31717
31719
31738
61265
31754
31758
31779
31783
31791
31795
31799
31811
58189
31823
88132
31845
31852
31861
31871
31883
31886
31907
31918
31926
31941
31963
31965
31986
31991
31992
31998
32018
32023
32030
32036
83686
32118
84599
32149
32157
32164
32182
32184
32202
32205
32216
32222
32223
32224
32230
32278
32294
32318
32324
32338
32341
47961
32358
32365
32371
48118
32385
32399
32400
32418
39666
32444
32463
32471
46380
32483
32496
32497
32523
32529
89041
32533
46014
32552
32553
32559
32561
32571
32579
32587
32607
67240
32626
32628
32642
32656
32685
33808
32721
87927
32759
32764
32770
32774
32779
32782
32789
32800
32803
32812
32818
32819
32829
32837
32838
32859
32861
32874
32877
32884
32892
32902
32903
32914
32920
32936
32942
32969
32971
32972
32982
33008
33012
33020
65008
33056
33076
33086
33088
33105
61982
33118
33153
33160
33179
33193
33205
33210
82520
33218
33221
33232
33239
33244
33275
81277
33299
33301
33325
33330
33342
33348
33354
33357
33368
33371
33380
33388
33391
33436
33445
33450
69279
33470
33476
33480
33482
88091
33489
33505
33511
33512
33527
33552
33563
33585
33598
33624
33628
33635
33640
33649
33660
33661
33667
33694
79451
33718
33727
33731
33739
69892
33767
33769
33781
33800
33803
33822
33831
33833
43998
33881
33884
33893
33896
33906
79641
33925
33927
33929
33936
33939
33944
33978
33989
33991
33992
34005
34007
34012
34027
34030
34033
34036
34049
34058
34066
34070
34072
87645
34143
34188
50927
34204
34212
34223
34238
34243
34250
34256
34257
34271
34280
34283
34315
34318
34332
34338
86882
34355
34362
34367
75809
34371
34374
34389
34402
78240
34430
34431
34442
34463
34468
34470
34494
34497
44730
34525
34530
34533
34535
34537
34539
34549
34561
34563
34570
34601
69561
34622
34637
34638
34647
34651
34664
34666
34671
34684
34690
34701
34710
34712
88116
71931
34753
34769
34786
34795
34800
34815
34838
34850
34856
34899
34900
80847
34939
89042
34950
34951
34954
34957
34966
34968
34977
34986
35010
35014
89219
35016
35047
35068
35069
35070
35071
35083
35107
35113
35124
35127
81897
35192
35196
35219
35221
35242
35246
88866
35277
63251
35286
85397
35311
35336
89045
35358
74714
35392
35396
35399
66810
35425
35440
86335
35473
35500
35501
35519
35527
35532
35533
35534
35554
35563
84087
35599
35613
35615
55894
35649
85873
35673
35680
35686
35688
35694
35709
35728
78099
35742
35745
35757
88856
35759
35785
35786
35807
35811
35813
35824
35825
35836
35839
35860
35903
35904
35907
58818
35914
88435
74194
35923
35946
66502
35976
36000
43775
36006
86839
36013
36014
36015
39072
36028
36031
36037
36040
76417
36053
36069
36089
36101
36120
62370
75510
36186
36199
36229
36254
75481
47676
36293
36298
85634
36322
36331
36336
36340
36363
36369
36390
36396
36397
36400
36419
36442
80407
36456
36472
36515
36516
36541
36545
36550
36566
36583
36587
36593
36614
36619
74757
36648
36649
36651
36659
36662
36668
36671
36675
36680
36685
36694
36709
36722
38139
36728
36729
36735
36742
36768
36787
36792
36799
36828
36850
36870
36878
36911
36915
70212
36961
37006
37034
37043
37050
37056
37066
37067
37071
37073
37106
37108
37109
37154
37155
37175
37182
37187
37207
84858
37223
37246
37254
37260
37268
37269
37286
37300
37316
37333
37344
37347
37348
37368
37369
37385
37399
37409
37436
37439
37452
89387
37461
37473
89415
37503
37519
37525
37526
37542
85282
37554
37580
37582
37595
37605
37624
37634
37641
37653
37655
37670
87641
37692
81094
37697
46539
37705
37711
37713
37735
37750
37756
37758
37760
37761
37777
76173
37803
37805
37815
37830
37832
37839
74421
37856
37871
37875
37896
37898
37905
86014
37942
55248
37948
37955
37956
37966
37990
38007
38011
38024
81917
38032
74601
38074
38106
38118
38122
38124
38128
38134
38137
38146
85252
38158
38159
38164
38171
38172
38191
38193
38196
38202
38204
38209
38214
38218
38232
38251
38258
38262
38296
38297
38318
38335
38356
53844
38385
38409
38424
38439
54386
38441
38458
38466
38467
38496
86671
38541
38542
38546
38549
38557
38559
38560
65453
38587
38600
38608
38618
38620
38624
38640
38645
38650
38652
38658
38664
38667
38681
38682
38704
38718
38721
38722
38743
38750
38755
38770
38821
38822
38834
80302
38844
38847
38859
38872
38876
74540
38884
38902
62801
38913
38933
38950
38962
38972
38973
38977
38990
38994
69324
39009
39035
39037
85609
39095
39097
39102
39103
39110
39112
39139
39146
39149
39156
45155
39165
39189
39191
80874
39207
39213
39219
87893
39243
39263
39288
39295
87177
39323
39324
39327
39337
39349
39374
49318
76132
39391
39393
39407
39485
43178
39495
39526
39529
39541
39542
65305
39563
39568
39590
39591
39596
48520
39619
39627
39679
39682
39691
39699
56749
39709
39734
39739
74120
39794
39795
39797
72749
39820
39824
39830
71991
39882
39889
86516
39896
39898
39901
39909
39924
39926
39935
39937
39950
39955
39957
39959
39960
39963
83755
49124
44089
40017
40018
40047
40059
69029
40071
40084
40092
40102
40111
40118
40139
40140
40145
40150
40152
40168
40179
40184
40201
40236
40253
40266
40280
40288
52769
40303
40305
40307
40314
40328
40341
40359
84996
40365
56393
40373
40374
40385
40388
40398
40414
44897
40426
40444
40452
40460
40477
40484
40497
40509
43559
40540
40541
80226
40550
40554
40562
40577
40582
49480
40617
40619
40631
40653
62913
40692
40693
40696
40705
40723
40725
40726
40728
40733
40748
40755
40760
40766
40797
40798
40800
40806
82642
40818
40848
68936
40861
40878
40896
40897
40898
40910
40913
40915
40916
40917
81575
76333
67132
40958
40965
40973
47991
41026
41038
41041
41049
41058
41061
41071
41095
59855
41137
41142
81235
41174
46284
41181
41198
41203
41222
41223
41252
41257
43590
41282
41296
41302
41305
41327
41330
41335
41347
41360
41384
82674
41403
68842
41412
41415
41423
41438
41442
41445
41467
41486
41487
41489
41496
41498
41514
59207
41525
41534
41535
41553
41565
41572
65294
41595
82540
75683
41606
41609
41613
87738
41632
41636
41648
41670
41687
41702
41716
41732
41736
41741
41745
41752
41757
41771
41794
41800
51391
41820
41829
41849
41852
41858
41869
41872
41879
41882
63858
41889
52297
41896
41908
88520
41935
79668
42000
42005
42006
42020
42024
42028
42031
42035
43352
42067
68336
76625
66963
42334
66544
42144
86605
42173
42178
42200
42227
42233
42250
42253
86113
42266
42267
45846
42307
42316
86928
42383
42424
42425
42438
42449
42456
42457
42463
42491
42500
42508
42519
42525
82150
42552
42590
42596
42627
42646
42693
42694
73807
42698
42701
42704
42712
42724
42744
51892
42748
42750
42752
42756
42764
42765
42775
42785
43184
42798
42821
42852
42857
42872
42874
42891
42896
78762
42901
42914
42920
42929
42941
42947
42967
42976
43004
67017
43011
43021
43051
89338
43074
43081
63268
43084
43094
47345
43147
43150
43151
43154
43182
43183
43185
43198
43205
43212
43213
43219
43231
79099
43251
43278
43284
43296
43300
43301
43319
43332
43334
43342
43351
43359
43384
43394
71713
43437
43442
43458
43465
43478
43479
43487
43492
43539
43542
43546
75831
43613
43620
87888
43625
43638
68392
43656
43662
43669
43678
43686
43693
43695
43700
43710
43720
43723
43758
43760
43779
43801
43802
43826
43834
43844
43845
43863
43886
43900
43905
43918
43940
43950
43954
43955
46233
43976
43978
44021
44022
44031
44035
66997
44055
44064
88233
44101
44112
44125
44130
44167
44175
78728
44202
44210
44219
44243
88422
44259
44263
44269
44273
44292
44296
44316
44362
44367
44375
44385
44389
44391
44394
44405
79843
44440
44445
44472
44473
62732
44509
44514
44545
51490
44565
76436
60219
44577
44583
44591
44595
87857
44607
44624
44638
59678
71329
44711
75279
44745
44763
53980
44775
44776
44778
44780
44781
89349
44813
44814
44820
44822
44858
44868
44884
44894
44895
44937
44939
44948
44966
44989
44990
44998
45003
45018
45033
45047
45052
45093
45111
45115
45116
45119
45120
45122
45128
67980
45134
45135
45139
45141
45150
45158
83088
86485
45187
45189
45192
45207
45210
45213
45215
83877
45227
45246
45251
45259
45271
45273
45290
45325
45331
45332
45367
45399
45407
45408
45423
45424
45447
45453
45463
45488
45492
45519
45532
45557
45569
45575
45579
45590
45597
61717
47361
45609
45623
45630
45661
61195
45707
45713
45716
45725
45729
54007
45750
45752
45756
45758
45759
45765
45779
45782
45785
45809
45810
45818
45821
66024
45845
45855
45875
45913
45928
45989
77527
46035
46043
46048
46056
46077
46079
46110
46134
46171
46179
46186
46193
46248
46249
46256
46289
46293
46296
46317
46329
46337
46343
46358
46381
46397
46417
46425
46473
46493
46510
46523
46532
66875
46612
46614
46618
46636
46638
46681
46709
46728
46737
46738
46778
46787
86819
46804
82184
46850
46867
81894
46881
46886
46893
46912
46924
46931
46934
46940
47000
47011
47030
47034
47036
47046
47050
47057
47078
47105
47106
47128
47158
47167
47177
47180
47186
78712
47215
47230
47241
47251
47258
47262
47277
47278
86061
47287
47289
47297
47317
47318
67133
47340
47374
47376
47380
47402
47414
47417
47423
47448
47455
47458
72447
47469
47473
47500
47513
47533
47545
76476
47603
47616
47630
47634
47655
47673
47685
47723
47727
47731
47734
47791
47807
47827
47854
61789
80164
47872
47873
47875
47878
47879
47880
47891
88276
47898
47900
47905
47957
47966
47984
48015
48026
48075
48077
48084
48099
48100
86137
67055
48132
48134
48140
48174
48177
48184
48187
48190
48212
48223
48224
48227
48243
51367
48271
48273
48289
48296
48363
87340
48367
48368
48382
48399
48403
48412
48416
48426
48434
48435
48443
48504
73453
48518
48525
48534
48556
48560
48566
48573
48594
48597
48622
48631
48650
48658
48659
48670
48692
48712
48729
48768
48770
48774
48778
48781
48798
48816
48817
87891
48833
48840
48847
48883
48902
48903
48912
48935
48949
48952
48956
48958
49030
59483
49032
55929
49058
49059
49064
49065
49087
49104
49114
49119
49123
49125
49131
49137
49148
49169
49184
49191
49203
49225
49232
49236
49264
49268
49288
49302
49305
49317
49323
49341
49348
49364
49372
49373
49380
49381
58896
49407
49410
49439
49458
49466
49468
49477
49496
49514
49558
49561
49566
49577
49582
49600
49606
49612
49616
49624
49628
49629
49630
49635
49641
49657
49660
49727
49754
49761
49767
49776
49791
49812
49820
49842
49845
49859
49861
49863
49872
49875
49888
49889
49911
49957
50016
50047
50081
50091
59019
50175
50196
50205
82567
50231
50262
50307
50317
50333
88793
50347
50355
50403
50408
50475
50491
50494
50520
69822
50551
50553
50560
81198
50621
50629
50664
50672
50718
50729
50739
50870
50938
50939
87693
50989
87183
51006
51014
51091
52284
51149
51167
63390
51272
51284
51287
51303
51305
51324
51348
51362
51386
51401
51417
51436
51452
61969
51514
51523
51525
51557
51565
51571
51612
51632
51635
51653
51657
89392
51670
51688
51690
51703
51747
51749
51774
51787
51789
51793
62805
51838
51859
51870
51876
51912
51921
51936
51945
53050
52008
76078
52036
86456
52068
52079
52081
52119
52146
52191
52208
52228
52281
65359
52310
52333
69487
52419
52451
52470
52521
52522
64454
52577
52636
52683
52694
52696
52698
52714
52722
52732
85542
52754
52765
52809
52832
52857
52871
52888
52920
52925
52955
52975
52992
53037
53056
53069
53132
53142
68456
53167
53179
53228
53238
53250
80136
53296
53297
53312
53324
53352
53373
53387
53392
53452
53458
87116
53475
53479
53539
53560
53563
53570
53602
53614
65708
53789
53790
53794
53850
53892
53906
53918
74414
53945
53947
53954
53996
54042
54059
54071
54081
54090
54101
54160
54161
54186
54198
76630
54227
54243
54247
54254
54277
54298
54302
54355
54362
54366
54393
54399
54411
54428
54495
54506
54528
54539
54545
54569
54632
54673
54711
54716
54736
54759
54773
54774
54800
77975
54840
54849
54856
54866
54944
54958
54965
54972
54994
55073
55152
55153
55156
55172
55191
55201
55206
55237
55304
55316
55320
55328
55352
55380
55424
55495
55523
55528
55541
55546
55558
55639
55666
55680
55683
55687
78524
55740
55804
55805
55821
55824
79790
55841
55872
55890
55940
55999
56011
56027
56039
56057
56062
89091
56133
56177
56261
56262
56271
56284
56308
56327
56334
56346
56385
56397
56405
56406
56416
56446
56461
56514
71629
56549
56581
56620
75301
56632
56673
56722
56734
56753
88039
56790
56818
56851
56866
56909
56911
56922
56926
56946
56976
56981
56992
57003
57011
57080
57102
68804
57150
57153
57171
57176
57185
57195
57199
57201
57220
57299
57308
57309
57318
57400
68903
57441
57474
57477
57480
57487
57497
57524
57541
57588
57591
57637
57700
80603
57718
57727
57760
57765
57776
57778
57975
57979
58003
58020
58034
58040
58058
58085
58094
58097
58108
58145
58149
58156
58209
58221
58252
58259
58275
58316
58354
58468
58549
84025
58577
58624
58648
58693
58724
58745
58760
58769
58782
58807
58820
58821
58827
58844
58849
58851
58867
58881
58977
58993
59002
59010
59011
87765
59017
59033
59039
59042
59056
59061
59110
59122
88109
59150
59176
59240
59247
59290
59298
88734
59320
59324
59410
59412
59453
59474
59498
59533
59540
59546
59570
59590
59603
59608
59610
59621
59638
59643
59753
59755
59756
78228
59763
59776
59779
59798
59847
85890
59978
59980
59984
59985
60037
60065
60106
60124
60143
60148
60158
60229
60269
60303
60311
60324
60340
60373
60377
60378
60391
60398
60399
60400
60405
60409
66139
60446
60469
62219
60535
60549
60586
60603
60675
60687
60693
60728
60745
60749
60801
60835
60883
60919
60929
60941
60954
60963
61025
61036
61061
61074
61081
61160
61185
61204
61306
61366
61439
61452
61467
61476
61479
61508
61512
70759
61556
61557
61569
61606
61619
61629
61638
61640
61650
61658
61660
61668
61699
61713
61726
61745
61750
61774
77883
61816
61829
61842
61862
61872
61892
61949
61960
61986
61999
62000
62019
62039
62043
76480
62125
62143
62150
62163
62170
62172
62193
62201
62202
62205
62208
62222
62266
62281
62308
62327
62328
62360
62369
62379
62390
62393
62410
62439
62449
62464
62481
62497
62498
62532
62626
62627
62693
62694
62695
62735
62739
62751
62777
62778
62811
62869
62881
62884
62943
62951
62955
62966
62989
62996
63039
63066
63076
63082
63088
63102
63109
63119
63177
63187
64131
63237
63244
63245
63297
63317
63321
63325
63327
63339
63359
63369
63413
63469
63488
63500
63551
63554
63558
63564
63569
75252
63584
63589
63596
63612
63639
63678
64307
63699
63712
63717
63721
63782
63866
63896
63909
63913
63921
63930
63945
63947
63994
64050
64094
64114
64134
64141
64168
64176
64187
64196
64197
64266
64295
64310
64364
64442
64444
64481
64486
64493
64517
64581
64588
64597
64605
64626
79252
64684
64741
64792
64813
64828
64848
64869
64881
85344
64898
64901
64940
64947
64958
64973
65032
65035
65038
65054
65064
65147
65183
65218
65260
65372
65386
65418
65457
65467
65491
65495
65524
65527
65561
65568
65619
65622
65634
65675
65707
65715
65781
65789
65854
65859
65872
65908
65934
65947
65998
66022
66038
66096
66128
66129
66141
66178
66230
66248
66263
66287
66342
66348
66375
66380
66403
66447
66452
66466
66478
66499
66514
66543
66548
66552
66648
66673
66714
66741
66808
66823
66827
67001
66936
79738
66968
66990
66998
67028
67036
67104
67115
67169
67186
67190
67217
67276
67294
67302
67335
67337
67353
67385
67396
67412
67445
67478
67501
67504
67530
67532
67537
67538
67549
67553
80170
78030
67697
67705
67718
67769
67781
81741
67800
76598
67840
67842
67863
67941
67985
68002
68008
68012
68027
68032
68054
68113
68119
68131
68167
68174
68185
68197
68243
68308
68315
68354
68360
68438
68442
68459
68506
68520
68531
68605
82699
68693
68760
68784
68788
68792
84956
68881
68930
68953
71855
69000
69022
69034
69037
69090
69117
69127
69219
69252
69293
69301
69306
69312
69366
69376
69384
69390
69423
69431
69442
69454
69476
69479
69481
69505
69571
69577
69604
69632
69654
69682
69722
69763
69789
69806
69832
69840
69866
69922
69950
69954
69995
70009
70091
70126
70140
70150
70193
70207
70209
70224
70249
70368
70378
70413
70486
70525
70528
70559
70569
70579
70597
70614
70641
70674
70675
70731
70815
70825
70870
70951
70956
86590
70975
71222
71247
78304
71331
71382
71388
71465
71478
71484
71525
71527
71530
71552
71577
71586
71590
71625
71633
71650
71653
71670
71733
71778
71802
71950
71962
71989
72024
72131
84706
72144
72173
72194
72196
72221
72245
72297
72299
72338
72350
72363
72420
72443
72465
72466
72506
72535
72547
72551
72591
72597
72651
72664
72813
72819
72830
72832
72875
87754
72935
72945
72949
72956
72971
73094
73096
73102
73108
73138
73176
73237
73278
73313
73343
73394
73400
73418
73431
73440
73446
73477
73486
73537
73565
73568
73581
73583
73630
73638
73653
73689
73707
73758
73781
73784
73840
73841
73875
73878
73884
73942
73943
73964
73967
74009
74010
74028
74038
74043
74058
74064
74077
74099
74169
86972
74244
88483
74270
74293
74327
74341
74358
74371
74409
74410
74425
74489
74500
74574
74584
74695
74722
74742
74753
74792
74814
74822
74838
74900
74902
74943
74946
74951
74955
74991
74994
75005
75013
75051
75066
75080
75118
75134
75150
75165
75175
83602
75186
75238
75265
75287
75290
75297
75355
87239
75407
75562
75608
75620
75629
75647
75658
75684
75731
75760
75786
75824
75847
75933
75939
75954
75972
76012
76048
76060
76079
76084
76094
76109
76162
76233
76243
76261
76265
76270
76290
76298
76319
76325
76405
76440
76467
76481
76515
76548
76569
84773
76611
76637
76678
76679
76709
76755
76756
76763
76806
88921
76839
76872
76875
76896
76926
76952
76955
76960
76985
76989
77007
77029
77046
77114
77131
77197
77248
77254
77263
77268
77273
77284
77293
77316
77320
77323
77329
77389
77428
77446
77459
77468
77470
77535
77553
77556
77566
77630
77652
77743
77781
77786
77796
77811
77832
77875
77896
77929
77950
78005
78013
78024
78057
78061
78135
78232
78238
78272
78276
78315
78361
78369
78496
78516
78540
78550
78598
78603
78609
78621
78643
78802
78809
78817
78818
78886
78928
78934
78947
78977
79000
79003
79037
79049
79054
79102
79112
79115
79118
79125
79214
79232
79267
79292
79301
79345
79348
79382
79396
79397
79423
79429
79505
79574
79586
79595
79613
79629
79638
79646
79675
79677
79683
79718
79765
79777
79781
79804
79821
79833
79902
79935
79937
79976
79978
79997
80017
80023
80027
80978
80071
80106
80142
80172
80314
80346
80351
80369
80388
80390
80403
80414
80419
80429
80453
80461
80487
80539
80592
80676
80683
80686
80687
80740
80758
80803
80822
80836
80848
80866
80878
80937
80983
81012
81029
81040
81072
81138
81191
81279
81295
81349
81363
81377
81416
81436
81494
81515
81523
81533
81553
81587
81610
81645
81666
81702
81718
81737
81772
81776
81802
81808
81857
81951
82007
82020
82056
82088
82092
82119
82208
82247
82266
82270
82320
82333
82337
82466
82496
82510
82525
82585
82586
82587
82606
82610
82616
82629
82681
82706
82775
82814
82831
82865
82883
82887
82912
82938
82944
82958
82970
82975
82979
82997
89026
83101
83104
83115
83168
83180
83204
83216
83217
83278
83294
83300
83304
83306
83315
83334
83335
83380
83388
83408
83426
83435
83440
83441
83446
83447
83495
83568
83571
83614
83625
83645
83685
83697
83703
83757
83790
83792
83837
83853
83869
83878
83884
83892
83899
83937
83945
83980
84001
84029
84078
84110
84125
84156
84193
84201
84254
84316
84369
84431
84433
84437
84495
84504
84541
84551
84564
84568
84576
84581
84588
84603
84621
84670
84674
84693
84696
84756
84765
84784
84813
84821
84840
84860
84874
84895
84899
84905
84945
84974
85030
85034
85078
85107
85151
85153
85162
85171
85188
85216
85237
85241
85244
85250
85292
85294
85303
85334
85356
85360
85377
85392
85484
85493
85501
85508
85511
85515
85547
85573
85616
85690
85691
85734
85736
85744
85769
85782
85811
85820
85853
85871
85911
85928
85937
85940
85949
86045
86047
86075
86080
86091
86121
86146
86197
86199
86218
86232
86236
86251
86286
86300
86338
86343
86355
86362
86423
86441
86443
86453
86484
89313
86526
86567
86588
86603
86610
86644
86648
86667
86712
86726
86788
86816
86830
86884
86902
86911
86943
86946
86957
86968
86977
86983
87049
87056
87099
87104
87126
87147
87155
87225
87243
87258
87307
87347
87429
87444
87468
87529
87573
87577
87598
87602
87610
87680
87699
87707
87727
87748
87769
87770
87790
87969
88038
88043
88049
88149
88158
88189
88198
88230
88240
88246
88251
88253
88310
88319
88366
88420
88477
88479
88577
88595
88603
88604
88645
88661
88673
88689
88702
88724
88737
88743
88755
88762
88769
88812
88847
88848
88857
88871
88879
88911
88936
88944
88995
89011
89038
89136
89149
89168
89191
89207
89285
89288
89328
89350
89358
89372
89407
89435
89442
89454
89459