  Reading Files
Done.
671
671
3334
Reading Files
Done.
0
Number Of tree:  1
train error:  0.956
test error:  0.347
[ 7574 46381 25728  4890 51167  7975 28068 85280  9168 11429 77390  6040
  7937  5221  8711 40619 18910 45290  4323 38458  6839  3953 39896 81277
  1103  3702  5780 83115  6782 13596  1897   856 29524 61739 59042  3424
  7180  2694 10125  7579 19782  9985  1893 19581 10172 12926 25823 42799
  3533 14241 36516  5883   363  5334  3450 12533 17652  6651  3038 86183
 60535 11365   622 13560 23377  4380 12929  7233  5885   734 58085  6621
 19994 21334 22803 49064 23468 86047 28264 13635  3682  1014  8297 41142
 38424 24567 14864 14058  3284  8536 35311 31420  1179 21189 13719 15408
 25511 43620  7662  2120 33371 63325  3477 22730 14274 67104  3380 22872
  4950  8224 70368  7126  4709 70150 62943 55152 61366 63858 19287  5326
 20437  2252 20983 29270 18899  4111   906 42693 67985  7814 82586  7262
 26888  9440  4933  8743  9379 11395 48650 22440  7670 17993 33767 28813
 76325 24356 28777 62039  2094 70641 87888 61025 33210  5078   870  6174
 10315 62439 44948  2947 29719 11005 11720  9079 45579  2709  1197  6864
 71844 12752  9004 89463 10207  7967  6862  6191 41534 31783  9156  2362
 57524 34072 56749 36787  5046 11823 12962 10686 34402 14366 12078 32216
  4280 42491 70224 46043 13048 83426  3055  2147 17879 28462  9860 41893
 45846 27157 38718 83388  3538  7943 20822 30399 21973 35473 50739  2846
  3500 36390 17756 34374   427 12349  2922 49812 63930 27822  2290 37246
  9732  3136 64094 38467 30341 84087 19010 10301 79054  1616 16636 27449
 11884  4651  3111 41535 29329 11384 25477 32837   503 15987  4222  5749
 38950 44445 34701  2289  1270 19427 30190 11893 26837 17963 16521 18277
 26824  4666  1456 43185 13772  6395 13235 43686 28339 46667 28494 22443
  5845  5987 81645 44820 25831 22790  8497  7334 12919 37839 59483  2532
 47289 17638  6277 22891  1844  3889 52732  7451 10363 27572  5686  3590
 86588 76515 21477  8605 72813 49087 48212 21692  2427 36722 75301 21571
 44472 55191 41252 30727 33107  1814 20565 85937  3969  2235 76261 21609
  1285  2563 25168 26103 65038 32294  2068  8556  1956 35825 18826 45213
 22899 44514  6329 18381  7432  8749   971  3123 84996 48100 26182 29456
 21254 39859 40084  2075 65992  6952 44638 17476 27503 30051  9653  5207
 83614  9862 34549  4153 37582  1707 49861 12684 69366 48518 44101 16064
   344  6821 40897 11573  3285 47277  7459 11994   368 25603 19414  1359
 10522 39407 19451 17388  2421 11711 30255   897 31719 46638  2522 19185
  3434  9446 16227 23992 36037  3628  2256 24772 32222 71478  3692 47262
 11095  8035 11020 42704  8318 78030  4953 46035  9254  6999 32018  6246
  2083 23420 33232 27409 32571 15458 79382 50355 29427 68032  8586  1606
  6217  8076 84001 12314 26942 39337 25130 26207 12029 14823 37711 18397
  9746 14805  2299 22767  1289 54539  4620 44813 53479 48296 38608 43081
 15595 45367 37369 87126 19767 29344 54720 21978 23909 58252 19593  9782
  9596 75409 27849  8299 21267 20131  9927  9150 63102 31811  9992 17948
 30720 48382 25590 31456 26040 36515 58881  2612  9519 22679  3485  6405
  6650  2740 38137 12340 29219  9419 15888 10590  4388 10344 18336 18499
 24028 46417 13340 33628 31861   422  9344 31618  3451 79232  2751 10860
  9978  7765 45397   760 32341 14592 23139  2187 30482   373 35196   584
  5245 26018  1173 22749 43700 40800 26059 28724 47723 73964 65217 46940
 28145 83686  9937 20366  4589 45875  3671 16801  3939   328 17770 36495
 50091 46804 38032 24049 19870 55156  4755  8161 32859 87104 20929  6689
  8360 51798 33585 63321  2919 62996  9617 58844  3237 32656  2272 17408
 20169 10242 12427 74574 17663  5270 40452  1627  2443   240 37056  5472
 23686  9721  5009 31998 34561 43219  6111 11940 26623 22136 10654 21043
 36410 22340  8629  2006 21613 46193   813  4347 12023 28629  3182 29299
 37756  4265 37155 37348  4732 37368  5908 34013 30500  5817 54972  3524
  2278 30767 31370 19927 25622 23673  2027  2467 19403 68336  4789 34977
  8278 19241 48075 10359 50989 21595 18947 29228 27205 31007  9720 31150
 40582 70126  6805 33348  3152  9158 20844  4970  8574 32782  5725  7499
 12720 58097  3564 11904  7909 27571  5940  3456  7175 21141 14273]
Number Of tree:  5
train error:  0.955
test error:  0.36
[ 5817 65038  5845   870 56749   328  6621  7574  6329  8586  8711  7937
 10301 17638 13048 61366  4620  7662  1179 46940 46804  3500  4933 31719
 26207  2006 49861  4323 23673  8536 31618 11893 24567 55152  6999 50355
 30720 34072 10172 29299 65992 83686 34977 21595  6952 49087 31007  9004
 37246  5245 18381 58097 36515 10654 87104  9653 41252 18947  8224 58252
  3564  2289 27409  4111  2922 10125  2187 58085 30255 12919  7499 11384
  9927 12962 22730 11005  1627  9150  2740  1359 26824 18910 36722  7126
 83426 26888 31370 41142  7670 44813  9862 33348  8318  6689 77390 26103
  1173  9985 51167  8743 21043 23139 17770 44101 15408 16064 47262  5749
 38608 48212  5472 54539  5987 19241 11365 25130 25511  8574   240  4153
 27503  9419 18336  3533 37348  3889 12533 30767 29344 15888   622  3450
 41534 84996  2694 68032  9937 79054 70150 43185 36516 10686  3969 44445
 39337 30399  2427 22767 28264 42799 61739 48650 37839 28777 20929 72813
 79232 85937 54720   971 31998 16636 43081  4755  1707 31456 58881 83614
 19782 25168 45290 29228  3682  9519 30190 78030 39859  4589 32837 38458
 15595 70126   897 26182 34701 71844  5046   422 14823 86047 31783 63930
 50091  2299  6405 43700 11711  8278  6395 49064 33232  6864 11994 32656
 23909  1289 36787 20437 27572 25603  5885 33371 26059 35825 14864  4222
 64094 12029  9617 47289 13560  3285 37368  6191 46381  2563 87126 33628
 34549  3692 17388 24028 32782  5221 22340 20565 19010  8035  2467 59042
  6040  9168  8605  9446 40582  2421 36037  2522  4388 32341 21477  3434
 20983  4789 83115  4280 19403 19767 27449  9079  5334  7180  3284 28629
 12023 43686  2147 31150 35473 14241 12684  5686 76261  1014   856 46417
 12926 20822  3451 11940 14273 34561 65217 89463  2120  8749 12752 46193
  2709 75409 19451 22872 33767 22136 53479 27205 29719  3380 28068 83388
  8556 22440   813 57524 26040  7814  7432  2075 26018 13772  5908 22899
  1270 14058 46667 60535 63102 23686 34374  9254  8161 55191 48518 17663
  5009 38950 17756  1893  2443  1956 40800 46043  6111 85280 27571  3182
  9992 29219 11020  1897 17948  6821 40452  5725  9732 18277  3038 84087
 38718 75301 20844 45579 10522 43620 13596 25622  3939 48296 17879  2027
 28462 19927 18499 15987 25477  4666 70368 23377 14592  6805 21254  2256
 21973  3456  3671 48382 25823 29427 19287  3538  2235 11095 25831 44472
 12720 25728  6782 26942 11720 24049  6246 86183 61025 34013 49812  2362
 27157 26837 32571 59483 82586 17993 11395 76515  5270 39896  9720 42704
 11884  7909 10207 11904  7262 28494 21692 37582 30051 35196  2083 10359
  6217  8297 19414  3152 19870 19185  9596 63325 12078  2612 32216 86588
 44820 12314  3590 21609 58844  7579 76325  3477 10363  3237 29329  2532
  8076 45846 87888  3628 44514 36495   427 19427 22803 30727 14366 17963
  5207 47723 12349   584  6174  3953  2947 12427 29270  1197  4651 17408
 42693  4347  9156 48075 37711 21571 36390  1616 29456 10344 10590 17652
 62439 35311 28813  7451 63321 40897  2751  3524 52732 38467 47277 21189
 44638 21334 71478  8360 28724  5883 44948 45213 24356 14274 68336 18826
  2846 22443 62996  3123   373  7459   734 34402  9978 20131  3055 54972
 18899  8497 13340  4950  2094 18397 26623  9344 21978  5078  1606 45397
  7967 37056 11573 69366  4265 79382 63858 46638 29524 70641 24772  9440
 36410 41893  2252  6277 74574 20169  5326  6651  7175 13235 19581 67985
 43219   344 25590 50989 15458 10860   363 38424  3136 22749  8299  4970
  1285 16801 67104 30482 45875 19994 32859  2919  7943 38032 48100 28339
  2290  3111 32222  3424 40084 27849 81645  4380 12340  9782 62943  2272
  3485 81277  4709 22790   503  6839 33585 33210  9860 31861 32018 21267
  6862 13635  1456  1103 31811  4953 23992 27822 41535 13719 22891  1814
 70224 33107 10315 46035 21613 10242  5940 17476  3702 62039   368  7975
  7334 32294 39407   760 38137 37756   906  2068 11429  8629  5780 12929
 51798  7233  9746 31420 45367 30500 84001 23420 23468 37369  9158  1844
 30341 14805 21141  2278 28145 37155  9379  4732 11823 55156  9721  6650
 73964  4890 42491 19593 40619 22679  7765 50739 16227 20366 16521]
Number Of tree:  10
train error:  0.957
test error:  0.361
[ 3953  2947 29524 43219 43081 14273 12029 86183 23468 46035 17948  4280
  3111 76261  8574  9782  6952 11994 27409  7670 13719  8605  3123  2252
 42799 83388  5987 27449 82586 83614 12314  1707 13772 30500 21595  2235
  4970 43620  2120 79382 12684 46804 13635 28724 27849 10242 11720  9419
  3671 31998 33232 34977 37756 39859 70150 38032  8360  9732 47262 56749
 30767  8749 40800  3682 44472 39407 22730 30255 26207 19581 19927 38608
  4265  2694  5725  2443 36410 39896 32656 12340 23377 19870 84996 25590
  4388 41142  3136 14058  1616  9004 43686 12962 16227 21978 12720  3564
 83115 29329  8035 20929  9927  6174  8161 11384  3456  6329  1627  9978
 69366 23673  5207  3380  1844 46193 20565 47277 31618  2362  1814   503
  3434  8278  6395 71478 34561 37369  2256  2919 36722 70224 26623  1285
  8536 19782 23139 71844 25511 49087 48075 44948  7175 41893 28629  4222
 11823 37056  2563  9862   897 62439  9746   584 38137 31783  4755 55156
 24772 60535 14592 11893   734  5883 34549 51167 29228 36787 26942 58881
 30720   760  4950 34402 17388 59042 30190  7432  3237 11573 18381  5817
  6405   971 34072 28494 63930   870 23992 62996   363 22443  3152 13235
 19451 48518 28264 25823  9156 12752 58844  7943 45367 18910 40452 23686
 47289 50739 87888 21334 50355 10363 22767  7967 29299 46667 65217 24028
 63325  9158 24356 44514 79232 25831 29719  9937 14823 31420   813 38424
  6839 46417  3524 34701 48382 27822  7574 48212 29456 62039 32837  3477
 21043 24567 37246 79054  9079   856  3538 25728  8318  6821 54720  3533
   344 10301  1359 19241 15595  1179 27572  4789  7975 28777 26888 13340
 64094  2290  3450 15458 75301 14274 58097 19427 59483  6217  4111   240
 12023 87126  5078  1173 19010 38458 23420 37839  9519  2068 21254 35825
 28145 31861  2522 21189  1956  7765 37711 12533 10172  3702 26182 22891
  6782  7451  3424 11904 38467 17993  5472 83426 21613 31719 12926 49064
 11884  9617  1289 42704 46381  3182 36495 40084 85280 10686  9344 18277
  2299 23909 17756 70641 37155   368 63858 19287 89463 14241  6277  4890
 12929  3969 31370 63102  7579  8497 76325 42693  4651 15408 14805 86047
 36037 83686 32782  7334 30341  2027 17663 19767 31811 25168 41252  8629
  9596 33585 31150 55191 37348 14366 87104 32216 20983  5845  8586  6651
 47723  2709 22440  2532  6862  7662 17879  3485 11711 77390  1456  4589
   427 15888 34013  5749 28068 50091 16521 30399 54972 81645  1606  3692
 73964 11395  9720 68336 16636 57524  5270  2006 17963  3285  3500 36516
 32859  3939 76515  7459 21973 43700  3038 20844 31456 19403 14864   906
 12919 37582 46043  9653  7126 27157 33767  3590  2083 78030 27571 18947
  6621 61366 67985 21141 11005 58085 32018 17638 30482 40582  2751 61025
 65038 36390  5686 52732  4953 17770 81277 84087 11940  9150 28813 18826
 26059 50989  5009 11095 32571  4380 45875 84001 19185 48650  1270  5221
  3284 35196  9992 32222  7180 22899 18397 74574 19994  6650 10207 72813
  9860  7233 20169  6111 85937 20366 33107 49812 41534  3055  8556 21477
 25622   328  6040 33210 45290  7262 29427 34374 45213 58252 36515 43185
 26040 51798 30727 45397 19414  7909 44101  8743 27205 55152 35311 46638
 28462 28339  2075 38718 35473 25603 11365 29270 20437  5940 22340 15987
 45579  3451 10590 24049  5885 11429 49861  6805 16064  9440 18336 21692
 22749 37368  2187  2147  2846  3628  2612  3889 40897 10125 12078 26824
  2272 10359 46940 22790 19593 70126  9379 30051 48100 42491 22872 44820
  5046  6864  2427  7499 22803 17652  2922 25130 48296 61739 21267   622
 33628 40619 44813 22679 27503 86588 75409  9168 26103  6191 31007 17476
 67104  5780 32294  2289 18899  8711  4732 10344  8297  5908 12349  9721
 44445 38950 10315 33348  5334 13560  7814 26018 39337 32341 16801  2421
 10654 20822 18499  8224  1893 10860 10522  2740  2467 13596 29344  9446
  9254  4666 53479 54539  8076 12427  4709 21571 33371 62943 63321  1897
  4323  7937  2094 13048  1197  5245 68032  1103 29219 26837 11020 44638
   422   373 41535 22136  6246  8299 25477  1014 65992 17408 45846  6689
 70368  2278  9985  5326  4153  4347 20131  4933  4620  6999 21609]
Number Of tree:  15
train error:  0.956
test error:  0.374
[ 1179 27822 10242 28145  4380  6862 50739 79382 26888  2252 14273 12340
 32837 42491  7662   760 13772 19767 17638 15888 11994  2563 14805   734
  5326  9653 19870 28724  4789 21595 46638  3628  8556 76325 13560 27571
 83614  3485 40619  8318 70126 45290  6864 15458 32859  6839  9862  6191
  7499  3123 38032 18910 39859 33232  2427 79232 61739  3524  3182  5987
 23673 48650  7975 30051 22891 32294 10315  1103 34374  9150  9937 23686
 19241  8629  1456 29270 43620  9004  5940  2027 22730 16521  2289 67104
 14241  2083 33628  7126  6329 14058 54972 12078 33210 56749 24567  2443
  8574 10363  1289  7459 43700 86588  7180 22679 76515 22136 46940 11365
 44948 11893 22767 12926  1893 13340 85937 55191 21692 19581  4933 13048
   584  8743  7579  3500 19994 49812  3939  2919 28494 45875 55152 16636
  2751 32018  9254 26207 46043 12029  2522 62943 69366  1173 21254 29524
   344   427 29228 59042  9732  7574 54720 22899 49861 26824 21613 46381
  4970 17993 52732 23992 45846  3284 29299 25823  7432 27409 47277  7909
 21043 11823   503 44101 60535 38424 26942 71478  5908 47723 10125 40582
 17879 23468 41535  7943  3237 30500 75409  7262  2467  9782   363 34977
  8711  4709 12314 84996 20929 15595  2362  5270  4589 28462  4388 32222
 10301  8161 81277 46667 11005 31420 37246   373  3451 20983 30720 11020
  7451 23909 36390  3533  1616 12684 22340 11573 46193 32656 43686  5817
 10344 42799 18277 54539 70641 32341  7175  7967  2694 84001 82586 58252
 13719  3590 37369  9519 39337 12533 24356 57524 13635  6040 18826 37368
 83388  9992 65217 31456  2094  1627  9617  1844 17663 12720 18947 31719
 31811  5845 45367 41142 18499 18899 30255  8360  2532 65038 37056 48382
 19287 11720 43185  8605  8586 38718 19414 21334 36516 25130  6395 21978
 45397 35473 25831  5725 24772  1359  2075  2235 30727  5245 14864 34402
 21477  4755  7765 83686   240  2421 35825  1897 10522  4953 41534 23139
 27849 19403 11904 37756 70224 29344  3538 58844 33371 22749  5078 10860
  3380  6999  6689 48518  1014 17388  2256  5221 25622 61025  8749 42693
  8297 21189 39896 28068 20437 24028 85280  8536 34549 19593 36037  9079
  5472  3450  6821 84087 21571  4620 64094 14366 33767 28264 23377 14592
  6246 63858  2068 11884 34072 29329  6952  7334  4651 36495 21267  2709
  7233  9446 44638  9419  3969 36787 30767 38608 33107   971 22872 17948
  8224 36722 10207  4265 31370  3424 17756 16064 73964  6651 58881  6217
  5334 34701 21141 18381 20822 46417 37155  4222 10172 48075 15408 25477
  3456 11095 71844 27572 10654 63321 25728  4153  9978  5207 77390 14274
 28629 48296 22790  5046 61366 10590  6174 43219  9440  4666 12919 31150
  1956  9746  2187 30482 11940 30399 41893 13235  3953 45579  9156 76261
 23420   368 32571 34013  1707  2922 50355 19927 87104 18336 28813 40800
 58085   897  6650 72813 44813  4323 11429 19782 29719  3055  3111 28777
  2147 31998 58097 17770 47262 68032  3564 68336 40084 29219 36515 22443
  9927  9720  4890 26018 49064 26182 12427 26623  6111  2290 62439 20131
 20844  4732 37582 48100  3038 36410 29456  2006 44514  6277 46035 79054
 44820 83115 25511  2947  7670 67985 28339  9379  3682 31783 63102  2846
 51167 26103 19185 30190  3477 10686 59483 50989 21609  5883  9860 25590
 63930 22440 31861   870  1285 38950 87888  5780  3671 86183   813 25603
   328 33348 15987 65992 19427 22803 27449  7814  3136 17652 20565 74574
 35311 48212 43081 86047  3285 12752   622 89463 37348  6621 55156 38467
  5686  8278 70150  9721 32216 11711 62039  3702 17963 19010 24049  6805
 45213 33585  5885 18397 49087 25168  1606  4111  6405 62996 12023 70368
  7937  4950  4280 40897 27503  9158 44472 53479 27157 27205 63325   906
 35196 37839 13596 26059 12962 17408  3152  6782   856  1814   422 20169
 16801 16227  3889 12349  2740  8497 39407 19451 81645  5749 83426 87126
 14823 46804  9596 40452  8076  8299  3434 26040 12929  2278 29427  1270
  2612 38458 21973 11395  8035 17476 78030  1197 51798 38137  2120  4347
 47289  9985 11384 42704 30341 37711 20366 10359  2299  5009  2272  9344
 32782 75301 34561 44445  3692 26837 50091 31007  9168 31618 4125
Number Of tree:  20
train error:  0.957
test error:  0.369
[87888 84087  2694  3889 14366 17638  4651  9079 30051 39896 10125  8076
 26888  3538  9985 30190 34072 12926 28462  4589 13235 67985 16636  6805
 21477 18336  9419  2289 34977 45579 17770  7262  9721 31618 28629  9653
  3450 41534  2094   368 47289 81277  6329 25603 25590 14864  3136 84996
  3524  5078  9862  4347  2120 20822 31370 11994 26040  6040  9782 77390
   760 44514 54539 17948  8297  8224  9156 19185  9519 33107 30482 58252
   373 38718 27571 12029 61366 34549 58881  1270 11095 31007 13719  3152
 12684 36516 65992 61025 29299  3182  9978 33628 31998 70126 35311  6782
 19581 10207 63858 22340 11005 51798  9379 49861  4222  7579 86047 62996
  8743 70150 55152 19403 28339  7499 45367  1359  5725 17963   870  3111
  3285 22136 21609 31811 83426 10363 54720 50355 76261 37155 12078 29456
 24049 32294  2563 29524 17663 18397 38467 36390  6864 12314 31783 43620
 14805  8278 25511 22679 19241 10860 72813 28068 21978 27849  9596 28264
 16521 27572 83614  3237 12349 11573 20929 50989  5009 38137  9937  1285
 27205 48296 16801 40619 21267 24567  4323  8035 38458 12427   897 82586
 84001 12720  7975 46940 48382 33767 22767 50091 22749  2299 11893  1893
  7175 19287 28777 27503 24772  8536 11395   427 16064 70224 13340 24356
  7662  3628  4388  8299  7967 25823 31861  3123  5326 48100 47723  8161
  9446 19414 20983 21254 45213 35473 10590  5245 19451 43219 76515 17388
  8556  6405 83388  7765 49812 33210 20565 63930 37582 40897  3284 62439
 33371  6217 19927 26018 22790 25130 26182   971 17879 22730 27449  8605
  8711 45290 18910 20366 16227  6689   422 45846 21571 33348 33585  7943
  9004  3038 48518 36495 29219 17652  4890  4755 15408 29344  3671 43700
  5686 37246  6839 79054  5749 14273  9158  8629  5987 38950 10344  6651
 60535 28724  2272 12929 11365  9440  1289 31420 44472  4789  6191  9344
  2612 18277 10242  3702 42693 11940 21973 19782 14592 22440 25728 58844
  1197 43185 62039 46381 23686   344 39407  3692 23673 13596  7233 10172
  9617  2740  7334 18947 11904 18826  3424 48075 43081 86588 22891  7432
 63102 46804 10686  2532 37348  2083 55191  5780  5940  5046 40084 62943
  5221 73964 29719  3477 21595 28494 57524 10359 46193 65038 29427  9992
  6862 71844 81645 10301 31456 31150 32571 58097  2522  1456  4380 44101
  2290 12962  1897  4153 11429 51167 29270  1103  4111 46667 37056 24028
  3969  3953  2846 54972 65217 26103 26623 83686 38608 44820 25622 38032
  2147  3533  7451 13772 15595 12919  2027 34402 10315 46043  5472 17756
 30399 37369 12752  6821 78030 28145  4933   813 30727 19870 18499  1956
 34374 26059  5845  1707 14058 45875 37368 29228  1616  6621  9732 45397
 12023 21043 44813 44638 27822 48650 42799 42704 17993 46417  3485  4950
   734 70368 19994 19427  3500 23992 26824  9720 33232 41142  5334  3682
  9150 44948 34701 36410  5270 40800   363 85937 15458 23468  9860 23377
 23420  7574 50739 22443  6246  6952  9746 68032 32018 86183 42491 31719
 17408  8360  2252 63325  4709 23139 13048 44445  4666 29329  2919  8497
 22872 38424 37756 35825 19010  2421 21613 30720 79232  2256 47262  6277
  3456 40582 30341  2187  3451  2362 21692  2947 41893  4732  3055 37711
  9254  2235  5885  5883 18381 32222 76325 20131 47277  4953 37839 83115
 58085   240 36515   622  6999 13635 39337  3564  6650 87126 59042 15888
   503   856 18899 39859 53479 61739 20437 26837 56749 11823 32859   328
 12340  2278  5207  6111  1814   906  1173  2075 32341  1606 14823  2427
 85280 59483 19767 43686 74574 26207 11020  4970 25168 21141 21189 69366
 89463 23909 41535 32656 11720  1627  2922 30767 34561 67104  7937 36787
 75409 49064 71478 17476  8318 63321  8574 11384 25831  1844  6395  2751
 48212 55156 75301  4280  2068 52732 68336 30255 20169 27157  3434  1179
 11711  7180 10522  2006  8749 11884 70641 15987  3590 46035  7459 32837
  4265 32216  9168 30500 14241  3939  8586 64094  5908  7126  2443 36722
 32782 41252  2467  6174 19593 21334 26942 79382 87104 35196 22803 25477
  1014 27409 20844 49087 10654  7909  4620 13560  5817 22899 40452  7670
 28813  2709  7814 36037   584  3380 46638 34013 12533  9927 14274]
Number Of tree:  25
train error:  0.958
test error:  0.367
